0.282304
0.302461
0.276331
0.280468
0.129295
0.201652
0.261621
0.257554
0.28732
0.242175
0.31044
0.254543
0.263708
0.220065
0.262979
0.118601
0.265364
0.275483
0.306154
0.293277
0.312114
0.358164
0.287113
0.225641
0.337829
0.28675
0.295484
0.356061
0.293276
0.35366
0.201324
0.29169
0.33738
0.271863
0.286252
0.317119
0.284956
0.378233
0.275985
0.206825
0.205533
0.23085
0.228695
0.20394
0.306122
0.228026
0.287092
0.215769
0.215675
0.289822
0.284351
0.219749
0.219749
0.218857
0.182834
0.211545
0.211545
0.197459
0.197459
0.199354
0.341083
0.235396
0.268445
0.351947
0.330333
0.292373
0.276017
0.511358
0.467584
0.448735
0.502166
0.451229
0.474798
0.404351
0.301476
0.301151
0.275359
0.270807
0.307664
0.283015
0.326441
0.272523
0.227415
0.370958
0.402462
0.375859
0.437162
0.428086
0.378589
0.364487
0.217472
0.299079
0.19086
0.171701
0.240996
0.258398
0.25483
0.24645
0.239491
0.20245
0.247658
0.223196
0.167357
0.222249
0.223866
0.23844
0.292298
0.298816
0.305856
0.291835
0.313135
0.321008
0.299553
0.330909
0.326329
0.295179
0.312994
0.324414
0.290138
0.316025
0.316066
0.275616
0.304448
0.309509
0.232396
0.220141
0.222127
0.211468
0.218226
0.227927
0.234031
0.239039
0.22748
0.226525
0.216971
0.221908
0.210413
0.221554
0.210649
0.226483
0.225247
0.212717
0.220254
0.221265
0.225935
0.238473
0.216491
0.212943
0.204272
0.205136
0.205532
0.233617
0.202
0.245405
0.204086
0.206337
0.212341
0.207591
0.221
0.221024
0.196672
0.213141
0.216071
0.2223
0.212182
0.26289
0.213657
0.224327
0.204167
0.238925
0.210284
0.207849
0.2206
0.223253
0.220525
0.221667
0.217577
0.226887
0.218786
0.22079
0.205444
0.261277
0.19877
0.217641
0.205268
0.243628
0.19058
0.179797
0.234271
0.215961
0.160866
0.161731
0.160597
0.228121
0.184141
0.198923
0.203777
0.501957
0.444026
0.565071
0.603168
0.476842
0.547981
0.53734
0.52048
0.538893
0.559779
0.569031
0.427302
0.559812
0.550439
0.567236
0.540147
0.538692
0.542443
0.58924
0.533729
0.546628
0.540851
0.540075
0.293665
0.537805
0.56353
0.476116
0.570361
0.154346
0.560508
0.145684
0.55368
0.147603
0.182673
0.355668
0.218345
0.329255
0.579032
0.353896
0.543665
0.517567
0.519099
0.571628
0.511101
0.557186
0.129866
0.514008
0.145038
0.537541
0.147522
0.514482
0.389732
0.51941
0.272903
0.514624
0.189252
0.484145
0.521314
0.51949
0.535623
0.524331
0.508399
0.156653
0.53907
0.150885
0.502434
0.504089
0.518999
0.513009
0.128246
0.508327
0.536403
0.544663
0.544242
0.487786
0.538988
0.515121
0.550825
0.475186
0.480868
0.495268
0.498358
0.242352
0.222877
0.229463
0.253413
0.260991
0.227668
0.21912
0.314113
0.213244
0.304983
0.314358
0.335891
0.397314
0.312416
0.302569
0.305593
0.441828
0.0187327
0.0189599
0.0203537
0.495329
0.0189712
0.0189019
0.27689
0.357353
0.499864
0.375543
0.258302
0.419014
0.23606
0.386541
0.327478
0.332588
0.357782
0.0223703
0.414607
0.142573
0.403851
0.318529
0.393493
0.364699
0.254834
0.365395
0.0784928
0.329848
0.0343386
0.311761
0.411293
0.28805
0.337905
0.0830383
0.427243
0.0761936
0.234205
0.323846
0.289263
0.28905
0.0232686
0.361482
0.0480226
0.391569
0.277182
0.355877
0.417007
0.159852
0.355001
0.021012
0.406574
0.323226
0.362764
0.380284
0.303878
0.405675
0.0406048
0.411005
0.246596
0.312762
0.37005
0.350944
0.427778
0.155661
0.380027
0.0747448
0.364098
0.351248
0.34408
0.362395
0.0730495
0.404844
0.236019
0.334927
0.354188
0.385805
0.465006
0.0610082
0.376596
0.295659
0.272483
0.381412
0.350251
0.397703
0.0395716
0.339212
0.0279056
0.36777
0.382291
0.37458
0.380881
0.0341161
0.328402
0.0730903
0.409454
0.41873
0.319901
0.308883
0.328498
0.367601
0.353919
0.373878
0.35897
0.281109
0.366414
0.296685
0.386052
0.339315
0.364809
0.270942
0.277513
0.288957
0.223866
0.380611
0.245543
0.181254
0.344344
0.356961
0.224737
0.23009
0.427321
0.377846
0.318446
0.404135
0.297316
0.344337
0.222947
0.102835
0.0220115
0.30595
0.387936
0.438535
0.396366
0.367053
0.398687
0.360378
0.366619
0.367772
0.376109
0.354128
0.322701
0.20328
0.28388
0.407097
0.376602
0.412134
0.495531
0.332484
0.333219
0.308862
0.36897
0.3817
0.321792
0.46496
0.355164
0.35238
0.260497
0.406836
0.304285
0.455599
0.448298
0.357534
0.493836
0.304131
0.282533
0.332999
0.511875
0.430824
0.515789
0.485937
0.302803
0.277557
0.339865
0.392788
0.307762
0.444759
0.466629
0.334778
0.399592
0.341116
0.339749
0.34247
0.329828
0.329036
0.0616465
0.38299
0.380459
0.227181
0.30774
0.160687
0.359526
0.359624
0.438603
0.354232
0.3858
0.301515
0.289389
0.264708
0.37106
0.336245
0.370446
0.385103
0.347907
0.192084
0.20798
0.418772
0.0235128
0.0201133
0.0224742
0.36472
0.0318796
0.347632
0.16817
0.0549154
0.169191
0.0231598
0.331042
0.0197677
0.383781
0.268832
0.0396926
0.59154
0.026036
0.352067
0.0278016
0.360164
0.0189678
0.352723
0.311047
0.0277469
0.475301
0.0249818
0.343236
0.0197094
0.422956
0.0234901
0.0268553
0.191213
0.0264331
0.255347
0.0235736
0.138815
0.0212603
0.0291618
0.512855
0.0251565
0.3093
0.0210808
0.0439556
0.0260056
0.0318143
0.40941
0.0315152
0.434796
0.022272
0.0352893
0.0189891
0.0388574
0.478593
0.0333891
0.460438
0.0299515
0.0336406
0.0222011
0.0369037
0.477006
0.0340145
0.390225
0.0283688
0.0395604
0.0206561
0.0375389
0.295511
0.0356079
0.500173
0.0312535
0.0246025
0.0240583
0.032229
0.0211608
0.0349538
0.536286
0.0356201
0.0250239
0.0328375
0.0312959
0.025314
0.030123
0.081321
0.0317125
0.0247588
0.0299013
0.0333908
0.0261237
0.0324273
0.0242822
0.0282563
0.0242308
0.0230477
0.510741
0.0329909
0.03276
0.226159
0.0315109
0.0252246
0.0286589
0.243607
0.0225611
0.0347061
0.416357
0.0334597
0.0221495
0.0285874
0.0222262
0.0245909
0.0347244
0.29462
0.0371733
0.233849
0.0339723
0.0212406
0.0234004
0.480156
0.3393
0.036726
0.268909
0.0358458
0.337007
0.0319565
0.365555
0.117136
0.0349395
0.419935
0.0314258
0.310869
0.024171
0.379254
0.0190931
0.036082
0.43148
0.0368327
0.227292
0.0231759
0.356261
0.018312
0.444116
0.395108
0.0319721
0.408077
0.029268
0.413698
0.0223153
0.434728
0.401018
0.0358158
0.48505
0.0328348
0.318655
0.0219877
0.25311
0.39369
0.0283569
0.323543
0.0860592
0.0680293
0.353455
0.326199
0.0329932
0.0398355
0.417469
0.361469
0.060845
0.0637704
0.369733
0.318904
0.156046
0.24328
0.240024
0.232013
0.232884
0.226885
0.164762
0.198798
0.255392
0.266119
0.305347
0.367674
0.351917
0.322108
0.232242
0.355567
0.360104
0.201013
0.391505
0.274709
0.304486
0.263377
0.309982
0.372834
0.360423
0.229799
0.236147
0.325876
0.18454
0.397966
0.314732
0.118424
0.241264
0.281926
0.383295
0.353609
0.246979
0.312177
0.298009
0.124458
0.460996
0.257679
0.104388
0.215995
0.26887
0.431383
0.32344
0.238002
0.435654
0.329411
0.115322
0.378768
0.274658
0.0600523
0.128656
0.268281
0.333354
0.179215
0.214151
0.33696
0.319028
0.13843
0.388953
0.273755
0.178378
0.0625332
0.23778
0.231355
0.277703
0.219317
0.242599
0.302257
0.0983275
0.394605
0.249428
0.330057
0.194552
0.226407
0.228659
0.268733
0.190339
0.23711
0.34837
0.330419
0.181212
0.267435
0.381904
0.258576
0.215792
0.236564
0.376442
0.132429
0.180707
0.338766
0.2629
0.173623
0.24099
0.277293
0.235203
0.240795
0.289129
0.328814
0.218679
0.112743
0.374566
0.296862
0.282217
0.0947845
0.335209
0.266676
0.0768036
0.250844
0.301107
0.337771
0.0806814
0.372466
0.327079
0.256486
0.114629
0.321514
0.225038
0.124617
0.164749
0.312335
0.358166
0.106434
0.3226
0.337957
0.125239
0.133618
0.334375
0.301281
0.290051
0.293195
0.401144
0.333648
0.169647
0.286992
0.304073
0.133601
0.208488
0.345031
0.36939
0.384645
0.34237
0.375233
0.177791
0.238947
0.287166
0.307035
0.357972
0.496208
0.31291
0.482998
0.21765
0.236047
0.348544
0.41064
0.200407
0.186524
0.293789
0.051795
0.448381
0.310255
0.223244
0.173531
0.230773
0.295584
0.29003
0.134298
0.364659
0.324743
0.166496
0.394538
0.337204
0.319077
0.361293
0.318454
0.29769
0.258227
0.10957
0.244231
0.337526
0.0818272
0.172515
0.148747
0.313848
0.233307
0.126816
0.317894
0.290067
0.0486119
0.257837
0.392751
0.0633266
0.149371
0.260568
0.274422
0.288029
0.115784
0.322579
0.453673
0.0394989
0.281057
0.273513
0.308587
0.0912337
0.389107
0.331519
0.251673
0.467609
0.294159
0.382732
0.206595
0.233529
0.307775
0.3207
0.113495
0.362663
0.258408
0.0769183
0.423282
0.384096
0.254375
0.289665
0.218408
0.409494
0.350919
0.066853
0.373535
0.365979
0.0672157
0.391502
0.337206
0.168316
0.365131
0.195616
0.199921
0.412528
0.147082
0.379653
0.30714
0.126327
0.434745
0.299615
0.187739
0.368704
0.402013
0.391301
0.341207
0.256797
0.384461
0.17272
0.0914901
0.405712
0.301433
0.113772
0.327747
0.35147
0.341794
0.387961
0.168253
0.379687
0.392855
0.10416
0.220196
0.355732
0.0686921
0.317893
0.328568
0.372556
0.310941
0.413567
0.441332
0.324851
0.0849529
0.302739
0.335774
0.275256
0.341869
0.342429
0.401353
0.285174
0.4063
0.376735
0.203056
0.25535
0.341978
0.331581
0.309323
0.411745
0.36238
0.405534
0.365129
0.363391
0.463469
0.282217
0.320079
0.458687
0.321952
0.341444
0.369512
0.376052
0.276018
0.435252
0.227117
0.203736
0.236455
0.228907
0.216346
0.220211
0.199444
0.233671
0.0221245
0.0229286
0.0202168
0.0196018
0.019081
0.0248083
0.0200119
0.0191793
0.152325
0.0182856
0.0572368
0.0209311
0.0237095
0.0205882
0.0246832
0.0212853
