0.36641
0.356597
0.363524
0.384315
0.141632
0.327102
0.379047
0.378493
0.384156
0.130604
0.409261
0.358749
0.361501
0.343104
0.361895
0.177151
0.391351
0.403746
0.421561
0.350912
0.410027
0.288413
0.363931
0.186444
0.374032
0.358786
0.181761
0.380255
0.396875
0.407215
0.179736
0.382117
0.431767
0.400579
0.355491
0.393675
0.166103
0.261892
0.410369
0.197784
0.205348
0.21362
0.197897
0.183078
0.318997
0.307182
0.281337
0.161972
0.1371
0.45718
0.441779
0.332203
0.332203
0.320745
0.284038
0.302929
0.302929
0.329166
0.329166
0.317763
0.304531
0.174634
0.142553
0.177446
0.318104
0.284081
0.196112
0.149228
0.170967
0.161106
0.147443
0.167247
0.164079
0.197254
0.0993708
0.0977468
0.0965387
0.106373
0.103984
0.0995576
0.109097
0.0933233
0.0748065
0.144057
0.149582
0.140297
0.155031
0.148794
0.119143
0.11933
0.191138
0.135584
0.0761476
0.059289
0.0917381
0.0959616
0.0962807
0.0943341
0.0919486
0.0776527
0.28324
0.213057
0.162181
0.191935
0.154373
0.248714
0.255113
0.246892
0.264552
0.181062
0.208346
0.193808
0.231116
0.191479
0.183964
0.191977
0.201284
0.202576
0.200559
0.205108
0.206554
0.20151
0.200469
0.209576
0.278824
0.284207
0.286416
0.283027
0.289031
0.293715
0.293381
0.294384
0.291975
0.295886
0.274518
0.292296
0.277021
0.279472
0.27241
0.293358
0.287298
0.273671
0.287745
0.291981
0.292987
0.313471
0.286969
0.28284
0.281941
0.282285
0.276069
0.304632
0.254335
0.334783
0.274592
0.27442
0.273787
0.265369
0.281291
0.288491
0.243878
0.275651
0.279337
0.291527
0.277026
0.279784
0.277747
0.288999
0.259943
0.298177
0.28008
0.19319
0.283741
0.286759
0.301083
0.287432
0.290278
0.298081
0.297358
0.145666
0.262017
0.222456
0.250777
0.256344
0.252976
0.32674
0.173958
0.121407
0.11341
0.28825
0.172749
0.14939
0.183647
0.333066
0.170126
0.132033
0.20441
0.193065
0.204442
0.212815
0.235921
0.181003
0.205723
0.22442
0.202772
0.2022
0.213431
0.21712
0.208233
0.210195
0.206235
0.213778
0.20248
0.198104
0.207734
0.220791
0.19728
0.210001
0.213626
0.198534
0.198665
0.203407
0.21533
0.193419
0.214762
0.124171
0.205876
0.116204
0.207592
0.118506
0.1747
0.127895
0.187274
0.112379
0.226732
0.131851
0.202597
0.199699
0.198305
0.212056
0.197044
0.20978
0.100377
0.206751
0.117378
0.205821
0.119216
0.222095
0.161565
0.20971
0.116767
0.210925
0.0881624
0.207934
0.207541
0.211107
0.208218
0.198054
0.201848
0.126932
0.209332
0.121481
0.201841
0.205459
0.208278
0.204004
0.102235
0.201304
0.207573
0.243447
0.202048
0.202157
0.208473
0.210664
0.215242
0.195552
0.204509
0.206039
0.205551
0.224493
0.209686
0.206096
0.266184
0.102069
0.0752517
0.0874715
0.109584
0.121279
0.115306
0.132652
0.132102
0.159553
0.125946
0.122164
0.119393
0.154475
0.00394995
0.00469752
0.014004
0.218078
0.00386765
0.00435878
0.109805
0.123648
0.181399
0.12919
0.0962308
0.14368
0.0910929
0.137943
0.107197
0.105015
0.139878
0.0153742
0.147254
0.0683802
0.163139
0.113509
0.126585
0.129823
0.108063
0.137356
0.047452
0.128474
0.0201617
0.123648
0.14412
0.101638
0.113039
0.0324588
0.147077
0.0578736
0.088555
0.119245
0.109684
0.10544
0.0105676
0.134742
0.0319117
0.137347
0.0932042
0.133987
0.152983
0.0862159
0.139654
0.0128242
0.147685
0.119376
0.117458
0.140811
0.10365
0.124323
0.0259561
0.153069
0.092356
0.119442
0.129858
0.137432
0.132445
0.0800914
0.134355
0.0562849
0.133047
0.119588
0.119388
0.137944
0.0511644
0.148371
0.0806431
0.137331
0.139361
0.138947
0.138082
0.0447576
0.157854
0.100371
0.094284
0.141187
0.131265
0.120817
0.0263167
0.133719
0.0178658
0.135363
0.151237
0.142617
0.129556
0.0236224
0.111969
0.055671
0.140959
0.153859
0.115521
0.109301
0.1033
0.143644
0.113621
0.132205
0.112572
0.108383
0.131704
0.0883094
0.153692
0.117494
0.136624
0.100613
0.120574
0.0966455
0.0859568
0.137984
0.134091
0.0627104
0.10423
0.12972
0.103958
0.0818121
0.136056
0.116055
0.150089
0.149633
0.120008
0.116207
0.171266
0.0825554
0.0142353
0.204577
0.144274
0.168913
0.158683
0.180442
0.190017
0.141413
0.144788
0.180502
0.144443
0.145163
0.12246
0.214689
0.10251
0.152869
0.138317
0.165759
0.183749
0.118435
0.136274
0.107387
0.142237
0.137175
0.186521
0.167541
0.125449
0.128154
0.0725325
0.147614
0.14169
0.164484
0.176801
0.134726
0.165208
0.0922279
0.122956
0.135672
0.190402
0.169643
0.196339
0.187001
0.0991433
0.214435
0.120342
0.145771
0.148275
0.160766
0.183538
0.100051
0.143772
0.123864
0.166174
0.12804
0.263614
0.160333
0.0308458
0.144999
0.126111
0.239093
0.0968782
0.142268
0.137153
0.144706
0.135227
0.141511
0.128234
0.161756
0.239207
0.115182
0.154119
0.130504
0.140483
0.143748
0.122465
0.203397
0.0757215
0.170744
0.0139412
0.00808442
0.00930654
0.138099
0.0182286
0.128048
0.114105
0.0294059
0.0666851
0.0108047
0.128846
0.00781718
0.145578
0.109325
0.0281605
0.177826
0.0126554
0.143981
0.0148483
0.135865
0.00556994
0.150963
0.109064
0.0138247
0.149462
0.0112317
0.122044
0.00725699
0.159934
0.00589884
0.0134802
0.125107
0.0141205
0.194216
0.00952165
0.0695862
0.00776679
0.0156577
0.185801
0.0131875
0.121689
0.00793046
0.0359319
0.0119975
0.0187404
0.167942
0.0175145
0.16541
0.0104099
0.0206512
0.00588471
0.0217022
0.165889
0.0196816
0.158539
0.0167066
0.0197211
0.00953765
0.0226548
0.17663
0.0202305
0.125938
0.0156138
0.0203914
0.00886793
0.0238183
0.0991851
0.0221134
0.176734
0.0184968
0.00984075
0.0117395
0.0188128
0.00824048
0.0214688
0.186347
0.0219102
0.0103812
0.0193768
0.0177197
0.012139
0.0160431
0.0177709
0.0185138
0.0095146
0.0168921
0.0207245
0.013815
0.0191711
0.0107342
0.0147343
0.0106081
0.0097801
0.197047
0.017832
0.0201301
0.118061
0.0177192
0.00999113
0.0150179
0.110428
0.00945848
0.0211936
0.14096
0.020084
0.00883576
0.0156159
0.00757364
0.0121566
0.0216334
0.154038
0.0233733
0.0996642
0.0207699
0.00689693
0.0102503
0.165428
0.125062
0.0231983
0.136338
0.0219161
0.121966
0.0155359
0.12708
0.029381
0.0217596
0.150548
0.0178178
0.197631
0.0122182
0.145103
0.00424624
0.022989
0.152646
0.0227715
0.129115
0.0101517
0.157072
0.0056842
0.157824
0.145367
0.0179005
0.160946
0.0171273
0.16856
0.00880831
0.17218
0.149056
0.022019
0.182779
0.0182995
0.161401
0.00772745
0.140552
0.174062
0.016092
0.126887
0.0705545
0.0514393
0.126295
0.131968
0.0244432
0.0299506
0.144258
0.125702
0.0448138
0.0475666
0.129142
0.11254
0.168624
0.290104
0.28512
0.289038
0.287878
0.285413
0.183326
0.22989
0.281598
0.258513
0.204658
0.168526
0.12098
0.122303
0.159124
0.168002
0.13837
0.22381
0.137105
0.144854
0.151059
0.144347
0.141612
0.16769
0.13537
0.158465
0.190746
0.127159
0.110672
0.147612
0.138914
0.0890557
0.164255
0.145743
0.151444
0.146454
0.163604
0.181467
0.163991
0.0807193
0.171762
0.155212
0.0385884
0.100495
0.158156
0.155914
0.145159
0.163421
0.181502
0.139469
0.0589518
0.181038
0.146926
0.0236923
0.0590902
0.159849
0.137412
0.175883
0.179278
0.179379
0.147618
0.120099
0.179203
0.155642
0.116463
0.0265126
0.17806
0.105782
0.122198
0.187054
0.196652
0.168566
0.0811899
0.186461
0.166813
0.126404
0.105534
0.178234
0.0973913
0.115434
0.199394
0.213308
0.1338
0.187265
0.0691309
0.204255
0.184977
0.130003
0.195042
0.101124
0.145221
0.0797095
0.134388
0.20042
0.195551
0.069517
0.211605
0.194003
0.156325
0.210782
0.13518
0.132957
0.185851
0.0509224
0.137254
0.188239
0.0919745
0.0385609
0.181263
0.160024
0.0676835
0.105605
0.120191
0.120528
0.0643218
0.136301
0.153435
0.201294
0.0509993
0.17306
0.140229
0.102818
0.160317
0.128913
0.121684
0.0709444
0.152476
0.129175
0.092821
0.0615403
0.137885
0.152143
0.185458
0.154855
0.14424
0.142734
0.0841232
0.22236
0.154705
0.054464
0.19935
0.134457
0.206035
0.197021
0.165634
0.144674
0.134767
0.228178
0.220787
0.153683
0.133659
0.146716
0.162359
0.155029
0.215976
0.158788
0.142719
0.171352
0.146
0.165795
0.187451
0.0185265
0.138499
0.189658
0.11551
0.146774
0.142204
0.138484
0.170468
0.0692284
0.150407
0.262202
0.101991
0.142457
0.149003
0.135654
0.179174
0.173196
0.141847
0.193737
0.063866
0.252515
0.218482
0.0301268
0.150646
0.104599
0.132041
0.188811
0.0755949
0.14852
0.225907
0.0168773
0.237343
0.2295
0.0252949
0.0607469
0.204671
0.15743
0.23123
0.04625
0.151812
0.185998
0.0170346
0.226669
0.355239
0.115395
0.0429711
0.175786
0.126659
0.150571
0.173193
0.218104
0.220681
0.0806486
0.245417
0.272002
0.124421
0.0536032
0.155814
0.091113
0.0320823
0.170634
0.213773
0.233455
0.123407
0.121767
0.200829
0.142268
0.0294218
0.156485
0.132981
0.0277869
0.170368
0.156508
0.076698
0.198352
0.0878812
0.206636
0.163223
0.0915599
0.163392
0.13265
0.0561557
0.191007
0.177076
0.0856005
0.181512
0.158287
0.149952
0.137221
0.123108
0.217514
0.141168
0.0382345
0.179045
0.148037
0.0488347
0.135202
0.151176
0.135522
0.158869
0.096026
0.220101
0.128307
0.0487868
0.113116
0.139945
0.0312761
0.128629
0.144864
0.156169
0.144127
0.149105
0.1804
0.102612
0.0243817
0.10292
0.139147
0.16961
0.139615
0.145463
0.161759
0.15401
0.147819
0.156437
0.171926
0.165792
0.129906
0.134755
0.129979
0.176598
0.14338
0.142463
0.148336
0.142297
0.205343
0.124469
0.124032
0.184591
0.121803
0.235889
0.222267
0.136782
0.218819
0.150613
0.0862915
0.086716
0.0964247
0.105316
0.102632
0.101413
0.083237
0.102273
0.0101022
0.00953826
0.00968212
0.00750025
0.00816785
0.0108337
0.00774025
0.00755076
0.0873219
0.00630106
0.0467531
0.00917467
0.00999897
0.00808403
0.0102348
0.00958584
