0.243296
0.280557
0.230009
0.246817
0.0781109
0.218866
0.245256
0.263842
0.244511
0.0704648
0.26837
0.235721
0.229172
0.226491
0.295686
0.10502
0.338316
0.334234
0.328307
0.222481
0.358758
0.171692
0.245274
0.109105
0.224149
0.249027
0.0858725
0.23231
0.289967
0.241664
0.0973336
0.254464
0.294261
0.299285
0.256234
0.270866
0.122134
0.181066
0.312591
0.129406
0.124336
0.121409
0.103609
0.121341
0.20024
0.187009
0.167869
0.0891151
0.0804673
0.394506
0.363938
0.238267
0.238267
0.21831
0.191908
0.205142
0.205142
0.240219
0.240219
0.233087
0.201902
0.106118
0.0896492
0.100322
0.246919
0.235716
0.107157
0.0706121
0.0817416
0.0800625
0.070034
0.0835294
0.08893
0.104152
0.0465687
0.0466009
0.0502515
0.0547031
0.0502922
0.0482509
0.0524421
0.044749
0.0424587
0.0707309
0.0728403
0.0695813
0.0746004
0.0714289
0.0552392
0.0564458
0.151634
0.080105
0.0372735
0.0346197
0.0465639
0.0478336
0.0492972
0.0478315
0.0467586
0.0419108
0.248438
0.173136
0.172695
0.151289
0.14498
0.223335
0.187709
0.177202
0.201236
0.117498
0.141589
0.130039
0.151388
0.123438
0.115727
0.113883
0.135037
0.132679
0.124712
0.138211
0.136638
0.128054
0.127738
0.139217
0.186825
0.190762
0.194442
0.211503
0.200431
0.198192
0.187578
0.184879
0.202994
0.20573
0.182509
0.201831
0.195264
0.193664
0.188739
0.195823
0.192671
0.187575
0.193547
0.194495
0.191806
0.229925
0.193778
0.193327
0.207929
0.21269
0.20331
0.208772
0.190636
0.265462
0.195676
0.195979
0.192318
0.187055
0.199614
0.204606
0.176472
0.203488
0.195457
0.205564
0.21776
0.199445
0.200944
0.206239
0.186959
0.23627
0.195129
0.135593
0.198426
0.203091
0.217292
0.214621
0.20594
0.224402
0.209041
0.0950805
0.17734
0.101915
0.1723
0.184933
0.184602
0.22843
0.112983
0.0917343
0.0658628
0.227666
0.150936
0.105231
0.164477
0.275841
0.104722
0.0843478
0.125328
0.0894482
0.0975675
0.0942189
0.101954
0.0844856
0.0919081
0.105288
0.0930307
0.0892075
0.0955787
0.0934216
0.122319
0.0934801
0.0909822
0.0956888
0.0939635
0.0890912
0.0928152
0.0992016
0.0925933
0.0958038
0.0955389
0.0927076
0.136406
0.0915507
0.0950252
0.0922304
0.0949003
0.116752
0.0929642
0.106992
0.0935783
0.107963
0.162983
0.055939
0.149429
0.0514509
0.101424
0.0582112
0.0915146
0.0835694
0.0893108
0.0926993
0.0908695
0.0929508
0.0963568
0.092754
0.10559
0.0903522
0.112444
0.10372
0.0671955
0.0942687
0.0546704
0.0979225
0.0453473
0.0968041
0.0947992
0.0967804
0.0941525
0.0906056
0.0917988
0.117086
0.0982665
0.114432
0.09186
0.0936964
0.0941564
0.0954948
0.098703
0.0903204
0.0929993
0.120879
0.0920236
0.0911251
0.0927278
0.094584
0.0963832
0.0886995
0.091308
0.0971044
0.0939735
0.153222
0.1499
0.133722
0.180073
0.0659309
0.0382742
0.0411559
0.0500199
0.0692976
0.0692018
0.0641926
0.061299
0.0758759
0.0632032
0.0639582
0.0714231
0.0863664
0.00279706
0.00611308
0.0263896
0.133398
0.00272522
0.00666096
0.069964
0.0442491
0.0848708
0.0597271
0.0374922
0.0627022
0.048798
0.0563493
0.0423799
0.0496558
0.0617746
0.0228914
0.0653534
0.0443743
0.063299
0.0527313
0.0525568
0.0540873
0.0523161
0.0623347
0.0353511
0.0620118
0.0208856
0.0535965
0.0609069
0.0491662
0.0511881
0.0223326
0.062368
0.0516401
0.0470063
0.0537118
0.0493977
0.0559083
0.0170743
0.0615362
0.029712
0.0585304
0.0444143
0.0565712
0.0701087
0.0467919
0.0678751
0.0173844
0.0656684
0.0538951
0.0518154
0.0572846
0.0386204
0.0508209
0.0263274
0.0645684
0.0427039
0.0573849
0.0564785
0.0459323
0.0526017
0.0473334
0.0589444
0.0515231
0.059587
0.0541217
0.0391185
0.0603119
0.0412683
0.0648328
0.0234385
0.0638751
0.0633671
0.0398339
0.0540421
0.0390071
0.0750143
0.0429253
0.0471562
0.0621709
0.0606235
0.051963
0.0262297
0.0584187
0.0204269
0.0579057
0.0659707
0.061329
0.0576759
0.0184918
0.0511494
0.0476323
0.0627284
0.0669385
0.0519519
0.0507203
0.0446091
0.0633862
0.053349
0.060157
0.050392
0.0472145
0.05701
0.043103
0.0691479
0.0514198
0.0609724
0.0477857
0.0543371
0.0471082
0.0429397
0.0619113
0.0715909
0.0360136
0.0463357
0.0562789
0.0500739
0.0419741
0.0582715
0.0579449
0.0777915
0.0649101
0.0653538
0.0554673
0.12595
0.0626637
0.018934
0.114145
0.0695899
0.0878679
0.0746046
0.0886488
0.0958346
0.0721839
0.0719472
0.1147
0.0741993
0.0753312
0.0656656
0.186368
0.0507646
0.0719505
0.0731536
0.0766409
0.0859334
0.0526624
0.0667426
0.0475438
0.0650621
0.0622381
0.103325
0.0728747
0.0632572
0.0578082
0.0449457
0.0857881
0.0728287
0.074085
0.0809114
0.0643186
0.0846933
0.0457102
0.0569207
0.057093
0.0837466
0.0783492
0.113507
0.0820244
0.0523221
0.124594
0.0598843
0.0866045
0.0749789
0.0740966
0.0793426
0.0548686
0.0679379
0.0607852
0.0983659
0.0611943
0.1942
0.0773448
0.0402512
0.0718049
0.0674335
0.146402
0.0489791
0.0967503
0.0578429
0.0668523
0.0628743
0.0898135
0.0595825
0.0995167
0.182208
0.0574242
0.0740295
0.0619227
0.0633842
0.067158
0.0657598
0.192568
0.0419056
0.117591
0.0248486
0.00864287
0.00734355
0.0623389
0.00920408
0.0585545
0.0803568
0.0310003
0.0514545
0.00896586
0.0600055
0.00674911
0.0642745
0.0309882
0.0330542
0.0968713
0.010893
0.0629049
0.0119081
0.0632981
0.00383645
0.0812574
0.0481739
0.011
0.0691566
0.00917064
0.0577976
0.00586961
0.0711402
0.00414856
0.0129739
0.0854639
0.0121138
0.0859256
0.00714343
0.039211
0.00579055
0.0143275
0.0846748
0.0115976
0.0481299
0.0068813
0.0242951
0.00791375
0.0163553
0.0455123
0.0145518
0.076874
0.00818501
0.0172988
0.00440276
0.0181267
0.0735898
0.0168283
0.0770247
0.0140888
0.0165101
0.00809755
0.0200353
0.0751932
0.0179714
0.0621679
0.014586
0.0151842
0.00839066
0.020869
0.0381308
0.0196147
0.0815569
0.0170616
0.0104213
0.0101119
0.0164036
0.00570967
0.0179863
0.0870312
0.0192846
0.00995257
0.0161856
0.0161854
0.00991372
0.0142819
0.00869623
0.0165438
0.00791991
0.0147239
0.0187133
0.0125116
0.0169394
0.0100301
0.0126509
0.00916306
0.00774578
0.0893298
0.013618
0.0174012
0.0750289
0.0157483
0.00808769
0.0121892
0.0235752
0.00765415
0.0192214
0.0638791
0.0176346
0.00857783
0.0127874
0.00522784
0.0101836
0.0194043
0.0791086
0.0204586
0.0588521
0.0177607
0.0053255
0.00956166
0.0749233
0.0377641
0.0198752
0.0870325
0.0179039
0.0773589
0.0117723
0.0766625
0.00702969
0.0198314
0.0656244
0.0164325
0.12613
0.0111128
0.0588581
0.00265489
0.0204151
0.0683044
0.0203573
0.0787362
0.00936155
0.075927
0.00422168
0.0720868
0.0757819
0.0161708
0.0795465
0.0150679
0.0750412
0.00745145
0.0782125
0.0777817
0.0191887
0.0873131
0.0146545
0.0991508
0.00606148
0.0975038
0.0853095
0.0140546
0.0575098
0.061617
0.0502687
0.0546911
0.056494
0.0287219
0.0336828
0.0573802
0.0511353
0.0392481
0.0444123
0.0550558
0.0506762
0.134156
0.195949
0.193084
0.200481
0.205961
0.205169
0.136183
0.172035
0.201374
0.15493
0.102315
0.075465
0.0578488
0.0607036
0.0902134
0.077334
0.0678863
0.135623
0.0621686
0.0748846
0.099581
0.0828382
0.0743046
0.0814189
0.0619037
0.0895596
0.136608
0.0602255
0.0733325
0.0657718
0.0721207
0.0446568
0.0912537
0.0731772
0.069189
0.071083
0.0973194
0.0959105
0.0811359
0.0387889
0.0760876
0.0869709
0.0277921
0.0465741
0.0856776
0.0737259
0.0745322
0.0991688
0.0812145
0.0669155
0.0366376
0.0851631
0.0807701
0.0222953
0.0229699
0.0904148
0.0641799
0.14132
0.113333
0.0931141
0.0755095
0.102595
0.0830452
0.0857549
0.0726603
0.0183946
0.10545
0.0550427
0.0580523
0.109104
0.113958
0.0821893
0.0382766
0.0856675
0.0971945
0.0526666
0.0460168
0.105226
0.0513391
0.057158
0.125349
0.129256
0.0716962
0.128836
0.0578577
0.114228
0.0747372
0.0519513
0.119753
0.0519834
0.0629794
0.0694322
0.0953982
0.115451
0.0954651
0.0417758
0.140564
0.0957901
0.0800988
0.126634
0.0655956
0.062917
0.109028
0.0370677
0.0594794
0.113449
0.0545079
0.0348734
0.105459
0.0955942
0.0255978
0.0604502
0.0565684
0.0669046
0.0332422
0.0630991
0.0968464
0.123275
0.0303777
0.106005
0.0667478
0.0992468
0.150934
0.0605488
0.0663592
0.0380379
0.0863279
0.0727896
0.0926187
0.0421831
0.0780497
0.0834804
0.0944176
0.0970715
0.062053
0.0660235
0.0544489
0.123444
0.0763384
0.0541797
0.148464
0.0720773
0.124402
0.150848
0.098062
0.070104
0.101783
0.194423
0.129688
0.0760048
0.0647408
0.0733294
0.0835888
0.0801527
0.188336
0.10361
0.0675029
0.0918939
0.0876705
0.116527
0.101532
0.0172956
0.0627055
0.130591
0.059895
0.118466
0.0934531
0.0676654
0.105799
0.0484928
0.0787829
0.152062
0.0373153
0.0650111
0.0851421
0.057623
0.0914306
0.132052
0.067906
0.119902
0.0232371
0.151807
0.121377
0.0188707
0.123432
0.107175
0.0634821
0.114844
0.0436932
0.0743686
0.129237
0.0127036
0.146131
0.16305
0.0292289
0.0374848
0.144783
0.0769669
0.141709
0.0362903
0.0741593
0.0906709
0.0248552
0.134449
0.234996
0.0648798
0.0256798
0.0793771
0.0591458
0.101985
0.0994378
0.139817
0.115156
0.0445504
0.144152
0.158847
0.0543143
0.0295306
0.0681877
0.0463704
0.0199316
0.0752963
0.125604
0.163241
0.0685607
0.0536242
0.121122
0.0619677
0.0248949
0.073821
0.0607797
0.0213342
0.0787592
0.0724961
0.0438386
0.0999118
0.0462828
0.121883
0.0797913
0.0632076
0.0784699
0.0709277
0.0375508
0.0970662
0.0887148
0.0464554
0.0951054
0.0827423
0.0705469
0.0686388
0.0638814
0.107038
0.170153
0.0384902
0.0852395
0.0743405
0.04526
0.06428
0.072182
0.0606035
0.0951874
0.0442991
0.126968
0.0691675
0.0225292
0.0562108
0.0638549
0.0425812
0.060931
0.0712664
0.0691303
0.0682597
0.0686185
0.0832175
0.0693675
0.0162618
0.0492858
0.0658995
0.095651
0.0660308
0.06972
0.0797949
0.0657398
0.0666963
0.0757038
0.129807
0.0671443
0.0672286
0.0676469
0.0604095
0.0921899
0.0669177
0.0648824
0.0632432
0.067144
0.0937103
0.0630378
0.057119
0.0806077
0.0586832
0.146389
0.109263
0.0644655
0.110256
0.0681732
0.0425427
0.0462943
0.0460065
0.0520535
0.0500495
0.0497817
0.0432997
0.0496168
0.00765563
0.00755671
0.00847341
0.00559409
0.00654111
0.00759489
0.00589265
0.0067048
0.0595089
0.00466451
0.0422594
0.00664726
0.01069
0.00578642
0.00832178
0.00727763
