0.0899615
0.125933
0.212017
0.108442
0.0978069
0.154358
0.196108
0.196108
0.209617
0.0845074
0.225115
0.176433
0.158953
0.126596
0.140775
0.180906
0.25077
0.278298
0.260391
0.142172
0.245796
0.200418
0.209844
0.188588
0.281342
0.389226
0.278687
0.278687
0.198207
0.200462
0.16883
0.286038
0.206631
0.282089
0.0981576
0.257262
0.269527
0.117342
0.192351
0.264774
0.287027
0.155145
0.223555
0.110775
0.212157
0.270385
0.184316
0.201314
0.417606
0.261585
0.189405
0.11233
0.202398
0.242547
0.290826
0.178418
0.109938
0.140917
0.241079
0.153094
0.203967
0.176982
0.177608
0.28334
0.379984
0.177516
0.241175
0.180421
0.274861
0.274861
0.279105
0.204744
0.114804
0.206444
0.206444
0.167568
0.243234
0.196259
0.246893
0.247614
0.257503
0.162601
0.264245
0.171371
0.110372
0.139545
0.144699
0.161856
0.225764
0.157552
0.146433
0.142853
0.0812349
0.272961
0.178843
0.207797
0.178486
0.139425
0.18444
0.31813
0.31813
0.194813
0.194813
0.177968
0.225053
0.0977023
0.0806369
0.183319
0.183134
0.169641
0.148495
0.138036
0.170143
0.275189
0.0968927
0.19533
0.172942
0.180442
0.155279
0.0937851
0.142712
0.125806
0.173633
0.217589
0.144755
0.368177
0.255305
0.163454
0.265188
0.268614
0.168818
0.151555
0.147819
0.147819
0.3132
0.254817
0.321941
0.310512
0.336826
0.110888
0.360368
0.185011
0.262899
0.262899
0.162928
0.240155
0.174103
0.17284
0.157294
0.267581
0.137733
0.181676
0.204107
0.183845
0.183845
0.142027
0.161124
0.134282
0.24198
0.136637
0.182792
0.321314
0.110433
0.232815
0.154731
0.159391
0.162759
0.214557
0.214557
0.118988
0.219616
0.200944
0.197487
0.163103
0.15902
0.226753
0.299615
0.332548
0.219994
0.269389
0.163097
0.227306
0.191972
0.191972
0.124588
0.222382
0.171814
0.201855
0.201855
0.163484
0.120104
0.120104
0.17983
0.162749
0.246494
0.164097
0.17319
0.145421
0.217644
0.167216
0.133523
0.182591
0.18285
0.226273
0.175755
0.27429
0.130728
0.164445
0.178007
0.124614
0.270728
0.160677
0.193421
0.161689
0.175819
0.173931
0.221444
0.238416
0.17642
0.284413
0.121654
0.0879195
0.277913
0.175264
0.159533
0.202998
0.193592
0.193592
0.240436
0.1562
0.178414
0.20319
0.196646
0.17344
0.130304
0.17677
0.212945
0.133879
0.128642
0.238666
0.154295
0.187001
0.2044
0.173065
0.173065
0.168436
0.223661
0.152296
0.184976
0.112635
0.295443
0.241658
0.201434
0.161594
0.147545
0.17051
0.207841
0.132294
0.114365
0.163961
0.242455
0.170145
0.138284
0.100284
0.121609
0.190271
0.205169
0.197815
0.302883
0.169771
0.127576
0.220639
0.220639
0.174089
0.296254
0.180555
0.148061
0.165157
0.144753
0.178775
0.148028
0.185449
0.17607
0.1787
0.186828
0.264556
0.106459
0.262293
0.0915215
0.162671
0.30792
0.115295
0.195421
0.150588
0.0996583
0.187647
0.130974
0.117966
0.154083
0.260412
0.17453
0.15885
0.188997
0.167421
0.167421
0.20635
0.248974
0.185475
0.204895
0.181237
0.15842
0.183572
0.183572
0.238535
0.218546
0.218546
0.239654
0.201326
0.268797
0.148003
0.179903
0.146089
0.109431
0.309088
0.126562
0.296858
0.182157
0.224354
0.239408
0.113303
0.317145
0.317145
0.0659998
0.256744
0.188789
0.165025
0.163375
0.519533
0.168535
0.132219
0.130551
0.166515
0.357057
0.198568
0.119252
0.208739
0.16422
0.16422
0.0848843
0.195782
0.247306
0.212155
0.209618
0.14942
0.142766
0.17909
0.32085
0.150766
0.198677
0.231989
0.273754
0.215439
0.196307
0.166687
0.187631
0.233469
0.110512
0.161097
0.148453
0.192166
0.183812
0.200831
0.268146
0.2763
0.226954
0.182665
0.241938
0.178256
0.165456
0.168511
0.211871
0.211871
0.183901
0.170672
0.172485
0.197529
0.186843
0.166904
0.202745
0.124884
0.21701
0.166808
0.182433
0.25838
0.193613
0.193613
0.136087
0.219056
0.188226
0.169691
0.161268
0.189081
0.196394
0.125486
0.169585
0.147528
0.16019
0.215426
0.180903
0.180033
0.293557
0.189401
0.203641
0.203641
0.250578
0.239924
0.156861
0.152473
0.162302
0.236723
0.236723
0.319145
0.319145
0.181049
0.173657
0.186596
0.144025
0.225382
0.313492
0.406806
0.406806
0.222988
0.222988
0.0886177
0.295546
0.382109
0.147813
0.197743
0.194105
0.138447
0.179017
0.0773853
0.0978407
0.157316
0.218987
0.13698
0.144594
0.161601
0.168523
0.130317
0.0964705
0.156936
0.272908
0.241469
0.168316
0.1519
0.242325
0.242325
0.242325
0.20565
0.202362
0.202362
0.161144
0.199268
0.167636
0.155181
0.164967
0.141885
0.130228
0.17253
0.173967
0.205109
0.29875
0.191714
0.191714
0.266531
0.224116
0.183968
0.152733
0.160961
0.212266
0.180535
0.159179
0.212207
0.142842
0.155189
0.270983
0.239438
0.239438
0.117381
0.131591
0.176416
0.119972
0.29993
0.379528
0.170736
0.21241
0.146424
0.120885
0.227692
0.190855
0.190855
0.1985
0.182488
0.206563
0.174294
0.22479
0.190478
0.162418
0.17548
0.162851
0.253604
0.157438
0.143754
0.141013
0.18903
0.227724
0.292943
0.181485
0.186529
0.175508
0.244835
0.150458
0.218169
0.127687
0.143597
0.213993
0.13691
0.171002
0.211904
0.139455
0.150274
0.150274
0.278796
0.194032
0.156379
0.12791
0.169998
0.344888
0.262762
0.165959
0.166602
0.163336
0.295281
0.150592
0.156312
0.217726
0.176665
0.161856
0.266603
0.248184
0.268281
0.200777
0.246227
0.174929
0.174929
0.210956
0.1765
0.162273
0.176436
0.21293
0.167288
0.208759
0.183076
0.180164
0.144367
0.136653
0.184897
0.173359
0.221981
0.212119
0.212119
0.195492
0.138329
0.138329
0.138205
0.270994
0.180757
0.320915
0.252153
0.106222
0.161661
0.173326
0.25192
0.171915
0.17732
0.219363
0.264775
0.291646
0.291646
0.154262
0.191682
0.159831
0.222452
0.199758
0.155476
0.127309
0.231188
0.196934
0.145685
0.173449
0.140629
0.140629
0.347487
0.278304
0.203699
0.152702
0.157761
0.187443
0.0973973
0.140353
0.19304
0.114484
0.193816
0.161909
0.178405
0.174039
0.145658
0.198815
0.296604
0.148465
0.161021
0.162393
0.42453
0.229219
0.229219
0.247329
0.234802
0.154979
0.259699
0.229337
0.405637
0.179548
0.178663
0.178663
0.202081
0.297405
0.187751
0.203894
0.153892
0.208881
0.171841
0.171841
0.20176
0.159062
0.172107
0.148689
0.267943
0.207682
0.193101
0.157125
0.159213
0.166379
0.161122
0.101159
0.165745
0.238991
0.135499
0.224355
0.146792
0.181345
0.210367
0.190555
0.150793
0.150793
0.313812
0.16039
0.147999
0.155377
0.203848
0.173188
0.381499
0.161463
0.996435
0.996435
0.164512
0.330341
0.185686
0.137312
0.133236
0.216611
0.331282
0.156816
0.271037
0.246243
0.17605
0.156346
0.212158
0.303391
0.429194
0.269507
0.27587
0.197541
0.146784
0.28075
0.28075
0.148079
0.18536
0.123674
0.212196
0.212196
0.185239
0.179746
0.140375
0.15923
0.195782
0.140471
0.275445
0.332071
0.170265
0.170265
0.177464
0.064146
0.304111
0.182613
0.249351
0.403279
0.1599
0.198084
0.188822
0.159526
0.153654
0.153654
0.149163
0.135942
0.184618
0.150068
0.162688
0.229145
0.237119
0.266747
0.312602
0.0774783
0.347132
0.251183
0.132152
0.171327
0.125019
0.238531
0.265137
0.198319
0.215392
0.229926
0.182685
0.345062
0.283332
0.195853
0.170386
0.185603
0.228832
0.161207
0.250406
0.15097
0.216962
0.136541
0.353287
0.157222
0.230395
0.161239
0.181794
0.204265
0.163661
0.330813
0.169584
0.307166
0.295991
0.153933
0.154815
0.163301
0.199116
0.191162
0.156686
0.194873
0.156677
0.160776
0.174183
0.163545
0.169615
0.288334
0.230788
0.247685
0.187635
0.167692
0.106139
0.176237
0.16396
0.16396
0.127379
0.193284
0.193284
0.286711
0.158979
0.286173
0.174678
0.135174
0.249605
0.11962
0.347355
0.230581
0.177889
0.186934
0.353824
0.292782
0.165283
0.18309
0.223313
0.223313
0.19503
0.299125
0.295266
0.305143
0.186885
0.255634
0.461502
0.160978
0.315616
0.217376
0.1793
0.190601
0.168416
0.17828
0.149628
0.282912
0.13003
0.195216
0.187425
0.178051
0.307398
0.169711
0.111987
0.187376
0.196136
0.160955
0.161244
0.24787
0.148719
0.178016
0.222029
0.134389
0.257298
0.257298
0.312252
0.250898
0.164098
0.179266
0.158034
0.172728
0.116261
0.2277
0.1358
0.124058
0.09737
0.161364
0.130891
0.170343
0.302952
0.252664
0.293805
0.149405
0.130983
0.134496
0.170964
0.194242
0.198294
0.195702
0.126014
0.297672
0.237893
0.186001
0.258922
0.17856
0.24474
0.157852
0.195132
0.217466
0.159191
0.154824
0.190514
0.172487
0.115501
0.11808
0.197833
0.142995
0.136283
0.181078
0.181078
0.17298
0.155428
0.186207
0.144583
0.14561
0.28641
0.16151
0.259546
0.186292
0.166743
0.166743
0.15096
0.142627
0.142627
