0.0693804
0.0999023
0.0992881
0.0725363
0.0552097
0.0802739
0.0961999
0.0961999
0.122085
0.0682498
0.126839
0.182179
0.148737
0.0735004
0.138895
0.0820933
0.137223
0.123755
0.128005
0.0969507
0.149747
0.112563
0.108636
0.129154
0.178135
0.157128
0.157513
0.157513
0.127695
0.0957767
0.144054
0.152469
0.135256
0.128314
0.147072
0.167355
0.131065
0.144621
0.181711
0.174598
0.1403
0.103072
0.0823866
0.0616228
0.139001
0.158685
0.0816472
0.181965
0.178145
0.16287
0.106635
0.131959
0.0936775
0.197611
0.136767
0.186661
0.104638
0.174551
0.131893
0.0898626
0.109017
0.130829
0.081361
0.135394
0.173307
0.106674
0.137515
0.11575
0.150276
0.150276
0.143781
0.105117
0.118509
0.169017
0.169017
0.125367
0.143998
0.101998
0.102676
0.126638
0.178517
0.125137
0.159398
0.0863929
0.0592782
0.109206
0.110899
0.229869
0.113192
0.179043
0.109361
0.171316
0.0767149
0.19272
0.114261
0.187444
0.102995
0.106458
0.114294
0.163625
0.163625
0.212022
0.212022
0.113445
0.120456
0.0549429
0.0813932
0.106037
0.166504
0.134762
0.119482
0.10351
0.1195
0.173118
0.137471
0.101406
0.106436
0.111829
0.0917134
0.0901199
0.123687
0.112064
0.106486
0.191285
0.09721
0.141729
0.140212
0.130516
0.12262
0.120848
0.0912428
0.101907
0.142818
0.142818
0.156013
0.167029
0.182537
0.142331
0.153642
0.077819
0.135634
0.114483
0.122393
0.122393
0.0909886
0.114872
0.166448
0.110388
0.125722
0.18496
0.123617
0.128089
0.15348
0.0972081
0.0972081
0.159738
0.105481
0.107995
0.115816
0.119023
0.139544
0.139628
0.0716927
0.085824
0.0888314
0.115753
0.103163
0.135757
0.135757
0.0735031
0.161081
0.156483
0.119678
0.126032
0.0881611
0.149513
0.175535
0.14777
0.141305
0.125669
0.188782
0.116279
0.0972941
0.0972941
0.130657
0.126621
0.110726
0.127913
0.127913
0.137216
0.113199
0.113199
0.13641
0.132547
0.129488
0.11323
0.107928
0.18012
0.132291
0.11448
0.0927436
0.117259
0.129439
0.109269
0.166572
0.142473
0.116679
0.139272
0.11805
0.179143
0.160451
0.134886
0.108001
0.170846
0.117505
0.124232
0.129213
0.176977
0.179666
0.144868
0.170765
0.121322
0.119729
0.16364
0.182619
0.124403
0.184694
0.184694
0.214924
0.17579
0.105931
0.118873
0.18946
0.103035
0.175336
0.138285
0.182116
0.109914
0.128499
0.102779
0.163699
0.121637
0.143942
0.11089
0.11089
0.0935519
0.149175
0.10539
0.167874
0.177156
0.158914
0.158501
0.212924
0.146294
0.112349
0.117039
0.177264
0.112972
0.0922954
0.0875283
0.155176
0.0890757
0.0989471
0.0902262
0.119364
0.122827
0.1331
0.129985
0.140779
0.165062
0.105925
0.116726
0.116726
0.129643
0.187006
0.15216
0.116312
0.156265
0.100006
0.171498
0.142894
0.127521
0.16715
0.137661
0.123924
0.143243
0.0997186
0.12814
0.122867
0.106758
0.182944
0.172373
0.197371
0.0881803
0.0940734
0.169799
0.081207
0.115171
0.183641
0.130253
0.125126
0.132057
0.13337
0.154019
0.154019
0.118605
0.197448
0.123771
0.148439
0.193548
0.209509
0.117783
0.117783
0.185385
0.121025
0.121025
0.325808
0.140049
0.139466
0.114926
0.172635
0.105756
0.140546
0.217622
0.0876881
0.139735
0.105863
0.112215
0.136655
0.150734
0.132685
0.132685
0.063042
0.180436
0.140611
0.106182
0.0883808
0.149279
0.144861
0.0610578
0.134272
0.0840131
0.178813
0.16184
0.168099
0.151485
0.120772
0.120772
0.0678954
0.118784
0.15737
0.135479
0.176099
0.122826
0.0912583
0.12077
0.277659
0.162462
0.117026
0.127344
0.165052
0.13407
0.1782
0.144674
0.201859
0.155204
0.117552
0.0886589
0.133927
0.120375
0.138771
0.150458
0.178347
0.123382
0.132775
0.0993304
0.127284
0.124806
0.103757
0.106691
0.104927
0.104927
0.167607
0.116341
0.119357
0.131618
0.192464
0.174876
0.129815
0.118074
0.126922
0.0983989
0.143439
0.158463
0.151418
0.151418
0.126431
0.133931
0.18421
0.124955
0.154878
0.126308
0.125413
0.104693
0.115459
0.101036
0.155469
0.167119
0.107023
0.124366
0.149174
0.137227
0.122428
0.122428
0.138962
0.116701
0.145933
0.13119
0.10743
0.11872
0.11872
0.182345
0.182345
0.168357
0.125021
0.129211
0.118881
0.154106
0.154194
0.16858
0.16858
0.119147
0.119147
0.0726263
0.159296
0.189317
0.156172
0.138599
0.0967484
0.0830271
0.140543
0.123758
0.0908319
0.10251
0.170582
0.124002
0.120492
0.127621
0.140431
0.140316
0.106987
0.11567
0.133926
0.143222
0.167446
0.135051
0.121443
0.121443
0.121443
0.121716
0.127637
0.127637
0.150055
0.130364
0.192722
0.134348
0.132309
0.132666
0.066886
0.134685
0.113202
0.149347
0.161602
0.12589
0.12589
0.136552
0.160196
0.194625
0.148085
0.146466
0.19535
0.123082
0.148375
0.119105
0.112938
0.163862
0.161328
0.175052
0.175052
0.115972
0.106064
0.117062
0.108497
0.146246
0.151982
0.127871
0.123825
0.123006
0.0992774
0.135808
0.10597
0.10597
0.121256
0.184987
0.121733
0.102945
0.194315
0.169267
0.131122
0.150807
0.16461
0.161841
0.171656
0.117865
0.142598
0.198649
0.154214
0.131542
0.124241
0.246946
0.149475
0.168438
0.137313
0.159053
0.10054
0.115312
0.120756
0.192767
0.14327
0.14869
0.119248
0.108236
0.108236
0.147648
0.192306
0.135539
0.0707484
0.0916804
0.175449
0.160029
0.106754
0.107739
0.186408
0.155511
0.155026
0.117995
0.163316
0.172187
0.164803
0.204038
0.210191
0.130566
0.148405
0.367217
0.164635
0.164635
0.24435
0.15513
0.237461
0.128753
0.117275
0.137904
0.123575
0.108682
0.177768
0.128232
0.11397
0.111663
0.123486
0.141563
0.253687
0.253687
0.148308
0.100621
0.100621
0.176332
0.156447
0.0973521
0.155499
0.369746
0.0943694
0.119925
0.132053
0.194036
0.16767
0.119747
0.199645
0.161936
0.24573
0.24573
0.149727
0.188089
0.132957
0.222852
0.123188
0.126891
0.136255
0.236919
0.139577
0.118314
0.182155
0.129913
0.129913
0.164877
0.180998
0.112981
0.170423
0.167859
0.166664
0.089206
0.0937383
0.148107
0.117154
0.1429
0.145105
0.163542
0.165509
0.0925635
0.132114
0.146972
0.125781
0.150074
0.156766
0.218939
0.17613
0.17613
0.15751
0.203549
0.238953
0.157456
0.172892
0.152616
0.155728
0.179958
0.179958
0.154919
0.163818
0.144819
0.183693
0.158398
0.20886
0.171165
0.171165
0.142565
0.110912
0.147385
0.140672
0.152321
0.157233
0.187384
0.174508
0.165748
0.206966
0.0964286
0.109549
0.128336
0.187116
0.132833
0.117556
0.118967
0.142205
0.20881
0.150643
0.15595
0.15595
0.195511
0.118793
0.127862
0.145477
0.24035
0.183795
0.173297
0.124437
0.18937
0.18937
0.143901
0.209998
0.203285
0.163527
0.140683
0.138266
0.214885
0.188283
0.137026
0.137304
0.186562
0.119355
0.227178
0.182439
0.2717
0.148786
0.132743
0.128156
0.179555
0.150802
0.150802
0.119592
0.205195
0.123936
0.255948
0.255948
0.135556
0.174998
0.135706
0.120779
0.211451
0.117696
0.1425
0.223752
0.179862
0.179862
0.112204
0.113767
0.156535
0.162542
0.146417
0.214996
0.113988
0.178562
0.158575
0.1343
0.113231
0.113231
0.135706
0.135333
0.18376
0.153754
0.107711
0.161029
0.151373
0.154284
0.176821
0.121121
0.169911
0.130835
0.127407
0.169078
0.119532
0.137263
0.178079
0.179517
0.178794
0.148676
0.129613
0.18343
0.150702
0.149435
0.154853
0.128775
0.135265
0.143705
0.221923
0.213754
0.166833
0.125334
0.191408
0.172088
0.18184
0.164428
0.183178
0.143435
0.166317
0.191817
0.13617
0.171601
0.164105
0.115763
0.191815
0.206114
0.217266
0.186522
0.129097
0.131048
0.191171
0.148294
0.118383
0.13978
0.145705
0.156854
0.123101
0.220502
0.163136
0.138632
0.0892291
0.209056
0.124521
0.124521
0.17931
0.140222
0.140222
0.122607
0.100614
0.179149
0.177872
0.158308
0.152306
0.109895
0.152068
0.157602
0.146247
0.148987
0.157634
0.173863
0.171147
0.18573
0.197048
0.197048
0.227709
0.141762
0.171199
0.186385
0.174639
0.16375
0.279519
0.190377
0.184325
0.139481
0.183317
0.120831
0.166836
0.206142
0.128954
0.155937
0.116604
0.165877
0.186107
0.148626
0.162535
0.203639
0.174008
0.136627
0.135864
0.128296
0.1308
0.261445
0.13529
0.193796
0.226492
0.140674
0.139519
0.139519
0.156497
0.174176
0.244609
0.141528
0.174075
0.164923
0.116717
0.147086
0.167574
0.13885
0.120477
0.143552
0.169149
0.146837
0.171443
0.162476
0.188321
0.144719
0.119159
0.103168
0.105585
0.148956
0.198354
0.192502
0.121527
0.179496
0.211881
0.204938
0.21392
0.198027
0.193029
0.190231
0.155713
0.178582
0.14071
0.157907
0.211689
0.11063
0.105344
0.111953
0.125408
0.112197
0.168587
0.122529
0.122529
0.148742
0.113389
0.192276
0.143827
0.116934
0.193194
0.143066
0.23266
0.159052
0.155506
0.155506
0.129553
0.166337
0.166337
