0.278078
0.290578
0.281898
0.284851
0.296852
0.293459
0.296724
0.296724
0.293865
0.290645
0.295723
0.293818
0.302707
0.301304
0.296872
0.307645
0.296696
0.298557
0.30673
0.294784
0.296633
0.309577
0.304942
0.297294
0.296703
0.296248
0.303986
0.303986
0.299133
0.303599
0.310048
0.299988
0.304449
0.308062
0.311563
0.305674
0.304986
0.316787
0.302457
0.302346
0.306102
0.308379
0.318763
0.317121
0.29506
0.314076
0.326114
0.312196
0.307108
0.30647
0.32259
0.324252
0.315684
0.319768
0.313148
0.324236
0.309437
0.330798
0.305673
0.315167
0.320992
0.31373
0.326271
0.317036
0.319155
0.323592
0.310766
0.316116
0.318683
0.318683
0.312862
0.320745
0.325848
0.319769
0.319769
0.32321
0.321958
0.323479
0.327975
0.329195
0.318602
0.318901
0.318125
0.331574
0.323527
0.32955
0.320758
0.329796
0.321527
0.317211
0.332593
0.327661
0.322611
0.327248
0.328881
0.329132
0.328108
0.326715
0.330628
0.324847
0.324847
0.328801
0.328801
0.332431
0.328197
0.345678
0.34079
0.33416
0.338227
0.341955
0.33093
0.332765
0.332379
0.33588
0.346493
0.339247
0.337087
0.335556
0.330019
0.346905
0.339433
0.3483
0.334595
0.335815
0.332906
0.334178
0.337707
0.332556
0.343796
0.339778
0.350446
0.33778
0.349884
0.349884
0.35083
0.334876
0.34191
0.346584
0.344135
0.3436
0.345996
0.350258
0.344934
0.344934
0.347667
0.347933
0.346823
0.349891
0.346978
0.358662
0.356157
0.354603
0.348644
0.351437
0.351437
0.348826
0.350168
0.347414
0.353639
0.352501
0.355959
0.354961
0.368527
0.357211
0.350537
0.359862
0.349867
0.350754
0.350754
0.367991
0.356461
0.367329
0.357356
0.355307
0.356585
0.351958
0.362706
0.359291
0.355145
0.366313
0.365305
0.360857
0.362476
0.362476
0.357253
0.370457
0.364518
0.372859
0.372859
0.360817
0.371512
0.371512
0.356159
0.362405
0.367951
0.364347
0.36485
0.36458
0.369556
0.368205
0.365692
0.364213
0.366022
0.367573
0.37501
0.370062
0.369726
0.380349
0.375708
0.392728
0.360529
0.374382
0.374771
0.383963
0.377692
0.375741
0.375022
0.3803
0.374357
0.376489
0.386028
0.38553
0.376833
0.373237
0.382833
0.36328
0.386228
0.386228
0.378186
0.372186
0.374145
0.375996
0.387117
0.388408
0.392262
0.376043
0.383052
0.389007
0.388715
0.379382
0.38471
0.380617
0.390648
0.381245
0.381245
0.381807
0.389457
0.381489
0.394505
0.396097
0.378404
0.37614
0.370959
0.393245
0.391945
0.390305
0.371174
0.39238
0.381318
0.386442
0.391811
0.380014
0.384418
0.379398
0.378075
0.382495
0.380122
0.387055
0.393673
0.392025
0.386533
0.391461
0.391461
0.38681
0.388419
0.387294
0.391855
0.396075
0.388233
0.395497
0.387289
0.388409
0.397936
0.378765
0.388349
0.397729
0.391502
0.3926
0.397843
0.388832
0.386865
0.402846
0.396645
0.394015
0.402652
0.396343
0.392169
0.401198
0.405163
0.391097
0.403173
0.402201
0.391449
0.399512
0.399512
0.393207
0.395409
0.388818
0.400228
0.393202
0.393421
0.388999
0.388999
0.387829
0.395551
0.395551
0.392432
0.385891
0.396447
0.393405
0.404303
0.393619
0.407621
0.404642
0.400561
0.403348
0.409995
0.400829
0.410511
0.400245
0.399504
0.399504
0.402836
0.395772
0.397412
0.398898
0.397013
0.411618
0.396322
0.405051
0.409648
0.404295
0.415583
0.41383
0.42133
0.402183
0.417062
0.417062
0.406724
0.403425
0.404789
0.405743
0.426699
0.408218
0.407079
0.405869
0.411756
0.417121
0.405608
0.412092
0.422066
0.405521
0.425161
0.408872
0.425402
0.416472
0.410001
0.411598
0.422293
0.407706
0.408047
0.420694
0.408328
0.410007
0.413945
0.427327
0.411903
0.411337
0.417981
0.415517
0.414858
0.414858
0.421559
0.413832
0.416708
0.415094
0.42954
0.429154
0.413876
0.42864
0.426853
0.41891
0.413383
0.415855
0.415987
0.415987
0.4292
0.419563
0.419927
0.420274
0.431149
0.414413
0.412988
0.429573
0.416609
0.420267
0.431299
0.426143
0.417899
0.421345
0.421727
0.434987
0.422489
0.422489
0.422253
0.42745
0.417294
0.420503
0.422305
0.423562
0.423562
0.430961
0.430961
0.423462
0.425425
0.42501
0.434012
0.425801
0.428722
0.42361
0.42361
0.423497
0.423497
0.444167
0.423562
0.433235
0.438469
0.42666
0.422739
0.428106
0.429367
0.442053
0.42797
0.427247
0.424075
0.423324
0.426104
0.447639
0.427544
0.440692
0.432327
0.429568
0.430969
0.428219
0.427833
0.431499
0.431443
0.431443
0.431443
0.433068
0.433428
0.433428
0.429247
0.425855
0.430465
0.440889
0.428714
0.432225
0.437285
0.447446
0.43639
0.44609
0.434915
0.437241
0.437241
0.44108
0.44393
0.446226
0.446803
0.447173
0.466033
0.435155
0.448162
0.437371
0.44593
0.450173
0.438203
0.453856
0.453856
0.444533
0.446778
0.438629
0.440534
0.446995
0.441136
0.441289
0.438407
0.456157
0.457949
0.445991
0.446022
0.446022
0.4416
0.45156
0.443316
0.442915
0.440092
0.453769
0.44448
0.438175
0.454377
0.45585
0.457793
0.455207
0.455146
0.440507
0.445616
0.440762
0.445646
0.445878
0.442212
0.438431
0.461908
0.445534
0.44868
0.448448
0.449012
0.465609
0.455455
0.452141
0.460829
0.455802
0.455802
0.444623
0.453413
0.458784
0.448365
0.450659
0.452393
0.455301
0.44868
0.451809
0.464175
0.453793
0.454533
0.452213
0.451549
0.464142
0.46392
0.452952
0.459355
0.453406
0.455865
0.447504
0.468376
0.468376
0.453925
0.448258
0.444131
0.45408
0.454803
0.470059
0.468783
0.457563
0.466148
0.468408
0.455792
0.460455
0.458239
0.454102
0.450256
0.450256
0.458224
0.463324
0.463324
0.467838
0.457688
0.462225
0.457224
0.448271
0.459359
0.459269
0.461819
0.464884
0.450781
0.45356
0.464949
0.463098
0.457623
0.457623
0.473253
0.470379
0.473647
0.471978
0.464042
0.460241
0.469893
0.468005
0.461203
0.464038
0.47285
0.47075
0.47075
0.464614
0.468791
0.463547
0.476423
0.476522
0.475728
0.472563
0.459242
0.461189
0.465964
0.47576
0.474718
0.462388
0.472239
0.472092
0.469404
0.468723
0.46878
0.48133
0.471231
0.470058
0.475096
0.475096
0.459942
0.472907
0.476116
0.468377
0.459691
0.46673
0.461828
0.482528
0.482528
0.464244
0.470783
0.46853
0.476707
0.481177
0.470284
0.478057
0.478057
0.465724
0.468794
0.473357
0.481121
0.472979
0.46855
0.4821
0.49161
0.483152
0.473517
0.47548
0.48192
0.472709
0.472568
0.474778
0.472055
0.469867
0.475947
0.470304
0.473389
0.474454
0.474454
0.476331
0.48695
0.477231
0.486662
0.470113
0.488297
0.478957
0.473212
0.483689
0.483689
0.479703
0.479362
0.48539
0.481108
0.476829
0.478998
0.47578
0.486882
0.479125
0.476068
0.490941
0.4786
0.480003
0.480464
0.480644
0.482187
0.47901
0.476962
0.474422
0.482611
0.482611
0.481512
0.49087
0.479203
0.483795
0.483795
0.482139
0.490623
0.495246
0.480185
0.48252
0.493431
0.480091
0.485271
0.485774
0.485774
0.476339
0.4956
0.478624
0.489682
0.469582
0.484875
0.482222
0.47574
0.483979
0.487185
0.483299
0.483299
0.496733
0.499293
0.494971
0.497841
0.499282
0.481971
0.47803
0.485153
0.481514
0.496928
0.487299
0.484915
0.498462
0.497079
0.499339
0.484762
0.489023
0.488078
0.495563
0.481589
0.496591
0.487104
0.48755
0.485514
0.500469
0.488935
0.49114
0.49906
0.505488
0.491084
0.489055
0.503208
0.488437
0.499264
0.496055
0.500874
0.501014
0.484649
0.492843
0.493987
0.498044
0.494682
0.492213
0.489127
0.500512
0.470275
0.504466
0.49771
0.498014
0.490327
0.496126
0.494056
0.490952
0.506634
0.497281
0.494887
0.495081
0.49596
0.499027
0.493466
0.49945
0.507916
0.503753
0.503753
0.506488
0.48915
0.48915
0.504516
0.497809
0.505885
0.514077
0.513281
0.496857
0.509898
0.496041
0.500613
0.510807
0.511768
0.496245
0.498645
0.51277
0.512743
0.504319
0.504319
0.496983
0.498851
0.499678
0.493726
0.496642
0.509028
0.501057
0.515179
0.503466
0.484797
0.513942
0.500393
0.513554
0.49744
0.513339
0.502226
0.510701
0.511531
0.495272
0.498488
0.500995
0.514974
0.517676
0.498781
0.504096
0.502391
0.5016
0.496373
0.495165
0.500484
0.516722
0.516186
0.50309
0.50309
0.507783
0.500326
0.48342
0.501847
0.503497
0.516005
0.50705
0.504309
0.497995
0.518462
0.509981
0.517004
0.526068
0.508432
0.509844
0.508225
0.505638
0.520066
0.52278
0.498445
0.506324
0.498131
0.507181
0.520171
0.520636
0.511983
0.511632
0.518103
0.508889
0.504994
0.509148
0.520144
0.508226
0.508814
0.503334
0.525193
0.5089
0.509205
0.508069
0.504257
0.512132
0.522579
0.549032
0.505663
0.505663
0.529154
0.511685
0.505576
0.523773
0.511806
0.509082
0.510676
0.511984
0.512187
0.525757
0.525757
0.526009
0.531258
0.531258
